.Random.seed <-
c(403L, 10L, 299904096L, 125831678L, -1706537591L, -1744418117L, 
945149578L, -1107000980L, 777098991L, 1056477477L, 521908188L, 
629112242L, 22400173L, 1755933799L, -1791495282L, 954913896L, 
601690219L, 1294277129L, -723770216L, -472680506L, 1682000673L, 
991381427L, -446686L, 1322877204L, -2126040681L, -200412787L, 
590166180L, 98259594L, -909899531L, 337182543L, 1601349718L, 
602231552L, 67470915L, -2133647903L, -707335856L, 2026758062L, 
-2026613415L, 657765227L, 1304916698L, -1671322724L, -1368186977L, 
-644012555L, -843446132L, 159058274L, -579631811L, -53230153L, 
-804253090L, -650316904L, -1096606981L, 355472025L, 667900712L, 
-709916202L, -1839630767L, 388822275L, 463038610L, -1914085852L, 
1984413927L, -12774083L, 487764404L, -499249638L, 444362085L, 
-1537305601L, -1850428794L, -555535856L, 406374579L, -433077423L, 
1655418624L, 1035435486L, -111196631L, -72847909L, 1761424106L, 
1421222028L, 822890447L, 1340180357L, -1641077700L, -24984302L, 
1831784973L, -1340823225L, 908245806L, -516827512L, 423550859L, 
640782185L, 986480952L, 360397798L, -1043879039L, 2013397779L, 
1175235778L, 335284084L, -1849382025L, -1514804115L, 307725060L, 
-1319642582L, 818395029L, -828867537L, -2118003402L, -1525293728L, 
-2061821021L, -824886079L, 1887435952L, 198433742L, 397721401L, 
-252649653L, 1197993210L, 1321989628L, -225483201L, 603331349L, 
-2123532244L, 1904535810L, -329661987L, 1056055511L, -671896642L, 
1064082936L, 451824091L, -337426375L, -1321078392L, -605774538L, 
115533681L, -1651960413L, 993495282L, -712936380L, 241889031L, 
269000413L, -1499881516L, -1400385798L, 1148195397L, 1355973279L, 
166064166L, -13822800L, 319763795L, -1590136719L, 1569312160L, 
-622313154L, 1302409289L, -1889831685L, -946987830L, -598269396L, 
-547105233L, -1308813595L, -155968612L, -642060814L, 740571245L, 
1234686375L, 1525834702L, -222164696L, -1632077013L, -2059183799L, 
-1319661992L, -215777530L, 464268001L, -173924749L, 134366946L, 
-1473316268L, -885783721L, 254732109L, -256574748L, -1421491510L, 
-1694704843L, -514272881L, -300357994L, -2114075072L, -854245629L, 
-901843167L, 38445072L, 1296021486L, 635238297L, -1188442069L, 
-1241537254L, 1474815964L, 1549298143L, 1568697781L, -583746740L, 
-421865054L, -621373187L, -1040448009L, -1639415010L, 566377944L, 
-126920901L, -408567591L, 1644252264L, 681013654L, 272265489L, 
502457027L, 272718546L, 1190390628L, -72868185L, 355207165L, 
-1151090188L, -452596006L, 2097074213L, -8413889L, -1144589626L, 
302849872L, 89227123L, 678166929L, -768748608L, 1360377246L, 
-1655666839L, 1553073051L, -1338742102L, -1748613940L, -408584817L, 
-234726971L, 1335500156L, 624567762L, -1306287795L, -100637689L, 
1474597870L, 943504072L, -1455622709L, 1796452393L, 1393612408L, 
-568527962L, -828418623L, -1292307885L, -1908016894L, 701427764L, 
1266223543L, 917495213L, 1847801540L, -1737090326L, 236674389L, 
679383791L, 1070330102L, -1561751520L, 1185247715L, -646278527L, 
-1227981584L, -482102386L, -648082183L, -2068840184L, 120591500L, 
414753564L, -1192132462L, -461074048L, -2030941164L, -2066708696L, 
1568943674L, -1179942448L, 1623462252L, -802811980L, 724182546L, 
1231082464L, 8107468L, -1429134112L, 1603262498L, 1829781288L, 
-2039347700L, -74409156L, 1571396594L, 1924608752L, 1320567364L, 
301332056L, -1923064006L, -951141392L, 1373277884L, 1764666644L, 
2118471874L, -670653344L, 1602351484L, -2040569904L, -1183799006L, 
567738024L, 526353292L, 1698653372L, 397166386L, -1208815040L, 
-539423564L, 2106254408L, -1769201222L, 1721093648L, 1772464364L, 
108175700L, -834920686L, 1539954080L, -1294570804L, 1246864992L, 
1160765378L, -360187096L, -592980564L, 261093692L, 969631602L, 
-423569104L, -1098494172L, -880612040L, -1180882214L, -178067568L, 
-1967574276L, -868372588L, -829040574L, 735919360L, -1701579716L, 
-809855664L, -2035857246L, -1278904504L, 1751093004L, 1927736028L, 
-1446749358L, -2080365952L, 1529235540L, -590736408L, 928343802L, 
2129432912L, -502011092L, -637579404L, -604689518L, -1255825824L, 
-543850612L, -1354570912L, 295108578L, -510451800L, 1845667020L, 
1953271292L, 474637234L, -2072342032L, 1820733892L, 144220504L, 
-369261190L, -1489608272L, -895078468L, -702594988L, -1172601918L, 
425106464L, -1014620996L, 991281744L, -227489822L, -1866813848L, 
730610252L, -1576984324L, -317894670L, -344976128L, 656543604L, 
1192841224L, 1833061818L, 488277456L, 461110252L, 7819156L, 26633170L, 
1397684064L, 214371660L, -459866848L, -1561402494L, 892289768L, 
-414866196L, -1458621892L, -589016206L, -707499408L, -646168540L, 
-1582723272L, 1538962586L, 1804163792L, -404109124L, -557173100L, 
188829314L, -231101248L, -543915716L, -1127786352L, -1578077662L, 
-837128696L, -1421121268L, -464897380L, -1081969134L, 995132800L, 
-1973008876L, 1840741928L, -1801030342L, 496822224L, -839998868L, 
-1442820300L, 219400850L, -1382373024L, -248948404L, 559464416L, 
-279107678L, 764915624L, -1861725300L, -1191496004L, -213886094L, 
-726026000L, -1840582588L, 848457048L, 587686970L, 366877552L, 
-2124239812L, 853029652L, -614571582L, 160186592L, -1489795204L, 
1504429776L, -1887152478L, -378803160L, 123826444L, -1741358148L, 
-677159630L, 2009159616L, 1513439796L, -1353483320L, 1802921146L, 
246812560L, -1872347668L, 1389813844L, -1716449646L, 1844146976L, 
1066259916L, 1572748256L, -1056953662L, -221042136L, 2136213164L, 
-1560499524L, 1723972082L, -1749325520L, 451501220L, 920210104L, 
1876325210L, 88708496L, -1538276996L, -1718618860L, -795397822L, 
945765120L, 1890638780L, -440704176L, 1646647586L, 519306568L, 
1344997388L, 673710172L, 470559954L, 1600604160L, -671089836L, 
1648159208L, -1848500230L, -787816752L, 593425708L, 1702711540L, 
-1479837806L, -1310843808L, 1610214668L, 108297952L, 1534877026L, 
-1344228696L, -1056249268L, 175785852L, -669746382L, 2089395824L, 
356764996L, -1260823592L, 501162106L, -1289898448L, -931900740L, 
-1597659308L, 188437058L, -325954656L, -694308676L, -655373872L, 
-365218462L, 658127848L, -508772404L, 1226413820L, -1842354063L, 
-1202012490L, 174723668L, 1459203813L, -692942097L, 266167848L, 
-1985441146L, -209867597L, -945704427L, -1621240718L, -351170368L, 
-1405811415L, 371743643L, -1660056468L, -451006342L, -2013382225L, 
1166667961L, 1027351246L, -407437284L, -317262963L, 1684942327L, 
-423182080L, 2056146782L, 118921259L, -2023270611L, -1482368102L, 
418642264L, -660751167L, -1821856909L, -1972352876L, -1807422174L, 
995003447L, 130893057L, -1372395514L, 1144397380L, -462755979L, 
-1182696737L, 1069729336L, 1369986582L, 45156899L, 243508709L, 
-641074174L, 803217008L, 1785678873L, 724725259L, 1444490492L, 
499892522L, -1190520993L, -1505700119L, 54269438L, 2128226796L, 
-824110787L, -1698823929L, 491393264L, -178230130L, 2101053115L, 
-842803555L, 707752522L, -354881432L, 2081734737L, 675689283L, 
314414660L, -2000018190L, 1078624455L, -1722232175L, -153752554L, 
246216308L, 398037253L, -1898664113L, -954799800L, -1000688410L, 
-2063422957L, 1847012725L, 1699991890L, -532809312L, 435466377L, 
-1133504325L, 514642700L, -1788415334L, -44541937L, -678183847L, 
-573730578L, 485446524L, -2027454483L, -2049656681L, -1401494688L, 
66716478L, 844368907L, -1551766387L, 1976282554L, -1016658952L, 
863690657L, 734148947L, 678230132L, 1787808258L, 409904279L, 
-1257568671L, -296644954L, -1912490332L, 779559765L, -187351041L, 
-614736232L, 1509204918L, -102750141L, 1859953029L, -1414847966L, 
683985168L, -460998471L, 560930155L, -1646640036L, -1248925302L, 
1176075647L, 1040019657L, 280216926L, -1928137204L, 923822557L, 
-1536722713L, 916094224L, -1987996626L, -836646181L, 166747069L, 
2139411754L, -1421096504L, -1608198415L, -1491109789L, 991673444L, 
-914034798L, 1987994727L, -788943823L, 1027323254L, -908930412L, 
1237905573L, 1348593071L, 737517160L, 215082566L, 1090348019L, 
1276986197L, 710307122L, -1018076928L, -141174295L, -1229566885L, 
